0	1	2	5	11	13	14	15	16	18	20	26	32	35	119	122	124	155	193	221
3	4	6	7	8	9	10	27	34	87	131	135	136	139	156	157	158	159	162	163	185	186	187	188	189	190	191	281	282	288	290	291	292	293
12	17	19	21	22	24	31	36	94	95	100	101	103	104	106	108	109	111	112	176	181	183	202	203	204	205	206	207	208	209	222	226	228	229	230	231	232	233	234	253	255	256	265	266	267	268
23	28	107	213
25	29	30	41	44	45	48	49	50	59	60	61	62	63	64	72	192	223	224	257	258	259	260	261	262	294	295	296	297	299	300
33	91	116	117	118	215
37	38	39	40	42	43	46	270	271	272	273	274	275	276
47	51	52	53	54	55	56	57	58	78	79	80	140	141	142	144	145	269
65	66	67	69	70	73	85	195
68	71	165	166	168	173	237	241	243	245	247	248	249	251	252
74	90	93	96	97	98	197
75	123	151	152	198	199	210	211	212	214	289
76	77	160	161	216	217	277	278	279	280	283	284	298
81	82	83	84	86	88	89	126
92
99
102
105	110	113	114	115	164	167	169	170	175	177	178	179	180	182	184	200	201	220	225	227	235	236	238	246	250	254	263	264
120	121	125	127	128	129	130	132	133	134	137	138	148	149	150	153	154
143
146
147
171	172	174	194	196	218	219	285	286	287
239	240	242	244
