0 1
0 2
0 3
0 4
0 5
0 6
0 7
0 8
0 9
1 4
1 2
1 6
1 7
1 10
1 11
1 3
1 5
1 12
1 13
1 8
1 9
1 14
1 15
1 16
1 17
2 12
2 21
2 20
2 190
2 192
2 32
2 193
2 19
2 27
2 11
2 34
2 18
2 13
2 26
2 3
2 30
2 191
2 4
2 221
2 5
2 25
2 44
2 31
2 176
2 6
2 7
2 10
2 28
2 29
2 8
2 9
2 41
2 14
2 112
2 222
2 15
2 16
2 17
3 4
3 6
3 185
3 186
3 7
3 10
3 8
3 9
3 288
3 14
3 15
3 16
4 290
4 291
4 292
4 6
4 7
4 8
4 9
4 293
5 6
5 7
5 8
5 9
6 156
6 157
6 158
6 160
6 161
6 7
6 185
6 8
6 9
6 162
6 186
6 10
6 14
6 15
6 16
6 288
7 12
7 156
7 157
7 11
7 27
7 290
7 291
7 292
7 87
7 83
7 13
7 10
7 14
7 15
7 16
7 17
7 86
7 293
7 185
7 8
7 9
8 12
8 156
8 157
8 159
8 11
8 185
8 9
8 14
8 10
8 15
8 16
8 163
8 293
8 288
8 186
8 17
9 185
9 10
9 288
9 14
9 15
11 12
11 21
11 20
11 190
11 192
11 32
11 29
11 19
11 28
11 27
11 18
11 26
11 34
11 35
11 30
11 221
11 22
11 23
11 25
11 191
11 31
12 18
12 19
12 20
12 21
12 22
12 23
12 24
12 25
12 26
12 27
12 28
12 29
12 30
12 31
12 32
12 33
12 34
12 35
12 36
13 14
13 15
13 16
14 167
14 112
14 222
14 176
14 15
14 16
14 17
15 112
15 222
15 176
15 16
15 17
16 112
16 222
16 176
16 17
17 165
17 167
17 182
17 184
17 202
17 181
17 174
17 175
17 173
17 265
17 112
17 266
17 222
17 176
17 23
17 22
17 71
18 21
18 20
18 24
18 19
18 28
18 33
18 27
18 34
18 289
18 23
19 21
19 20
19 24
19 29
19 28
19 33
19 27
19 23
19 34
19 289
20 21
20 27
20 28
20 26
20 31
20 24
20 35
21 23
21 24
21 28
21 74
21 75
21 33
22 165
22 167
22 182
22 184
22 103
22 202
22 181
22 175
22 106
22 104
22 232
22 233
22 230
22 253
22 207
22 205
22 208
22 209
22 107
22 112
22 36
22 176
22 23
22 101
23 103
23 117
23 28
23 33
23 176
23 101
23 74
23 91
24 28
24 33
25 190
25 192
25 29
25 27
25 34
25 30
25 191
26 221
27 37
27 82
27 190
27 192
27 32
27 193
27 38
27 29
27 41
27 44
27 28
27 34
27 87
27 83
27 30
27 290
27 291
27 191
27 88
27 292
27 86
28 75
28 29
28 33
28 74
28 91
28 120
28 34
29 37
29 48
29 49
29 59
29 60
29 61
29 62
29 65
29 69
29 190
29 192
29 32
29 39
29 38
29 42
29 43
29 257
29 46
29 41
29 63
29 30
29 44
29 45
29 34
29 72
29 64
29 258
29 70
29 67
29 259
29 260
29 68
29 223
29 191
29 224
29 47
29 53
29 261
29 52
29 71
29 262
30 37
30 59
30 60
30 61
30 190
30 192
30 32
30 41
30 44
30 45
30 34
30 191
32 190
32 192
32 34
32 191
32 193
34 37
34 190
34 192
34 38
34 41
34 44
34 45
34 191
37 38
37 39
37 40
37 41
37 42
37 43
37 44
37 45
37 46
37 47
37 48
38 39
38 42
38 43
38 40
38 47
38 46
38 41
38 52
38 44
38 53
38 45
38 223
38 216
38 63
38 224
38 57
38 72
38 56
39 42
39 43
39 40
39 46
39 41
39 47
39 44
39 52
39 45
39 53
39 216
39 63
39 217
40 42
40 43
41 48
41 49
41 59
41 50
41 42
41 43
41 46
41 47
41 44
41 45
41 63
41 223
41 224
41 70
41 72
41 53
41 52
41 67
41 191
42 51
42 78
42 52
42 53
42 57
42 44
42 46
42 43
42 47
42 56
43 51
43 78
43 46
43 47
43 52
43 53
43 56
43 57
43 44
44 48
44 49
44 59
44 190
44 192
44 50
44 63
44 45
44 191
44 223
44 224
45 48
45 49
45 59
45 50
45 63
45 224
45 223
46 51
46 47
46 52
46 53
46 56
47 51
47 78
47 55
47 52
47 53
47 56
47 57
48 49
48 50
49 50
51 52
51 53
51 54
51 55
51 56
51 57
51 58
52 78
52 55
52 80
52 54
52 140
52 141
52 79
52 58
52 269
52 145
52 53
52 57
52 56
53 78
53 55
53 80
53 54
53 79
53 58
53 145
53 57
53 56
54 56
55 78
55 57
55 140
55 141
55 142
55 56
55 58
55 143
55 144
55 145
56 78
56 80
56 79
56 58
56 269
56 57
57 78
57 80
57 79
57 269
58 140
58 141
58 142
58 143
58 144
58 145
59 60
59 61
60 61
62 63
62 64
63 65
63 69
63 261
63 257
63 260
63 258
63 67
63 259
63 262
63 64
63 72
63 70
63 68
63 71
64 261
64 257
64 258
64 72
64 262
65 66
65 67
65 68
65 69
65 70
65 71
65 72
65 73
66 69
66 67
66 68
66 70
66 71
67 69
67 73
67 260
67 259
67 70
67 72
67 68
67 71
68 69
68 196
68 70
68 72
68 71
69 70
69 71
70 73
70 260
70 259
70 72
70 71
71 165
71 168
71 196
71 172
71 174
71 173
71 176
72 260
72 259
74 90
74 96
74 95
74 94
74 102
74 116
74 97
74 100
74 98
74 117
74 92
74 93
74 197
74 101
74 91
75 119
75 123
75 120
75 124
75 127
76 77
78 79
78 80
79 80
81 82
81 83
82 84
82 85
82 83
82 86
82 87
82 88
82 89
83 126
83 84
83 290
83 291
83 87
83 86
83 88
84 86
84 87
84 88
85 194
85 195
86 126
86 290
86 291
86 87
86 88
87 126
87 290
87 291
87 88
88 126
90 91
90 92
90 93
90 94
90 95
91 96
91 95
91 94
91 102
91 116
91 99
91 118
91 97
91 100
91 98
91 117
91 92
91 93
91 197
91 101
92 93
94 95
94 103
94 100
94 104
94 105
94 106
94 107
94 101
94 102
94 108
94 109
94 110
94 111
94 112
94 113
94 114
94 115
95 99
95 97
95 100
95 101
95 102
96 97
96 98
97 98
97 197
99 146
100 102
100 103
100 101
100 114
100 106
100 110
100 104
100 111
100 112
100 113
100 206
101 102
101 167
101 103
101 114
101 106
101 110
101 105
101 115
101 104
101 233
101 255
101 256
101 107
101 111
101 112
101 267
101 113
101 206
101 176
102 109
103 202
103 108
103 203
103 204
103 181
103 107
104 114
104 106
104 105
104 115
104 227
104 232
104 233
104 229
104 231
104 226
104 230
104 113
105 114
105 106
105 110
105 225
105 232
105 113
105 227
105 115
106 114
106 225
106 229
106 110
106 230
106 231
106 232
106 233
106 113
106 234
106 226
106 227
106 115
107 108
110 114
110 225
110 235
110 236
110 237
110 238
110 113
110 226
110 227
110 115
112 167
112 182
112 114
112 255
112 176
112 228
112 113
113 114
113 225
113 115
113 227
113 232
113 226
113 228
113 234
114 225
114 226
114 227
114 228
114 115
115 225
115 226
115 227
115 228
116 117
116 118
117 118
119 120
119 121
119 122
119 123
119 124
119 125
120 121
120 123
120 124
120 127
120 130
120 128
120 133
120 131
120 134
120 137
120 138
120 132
120 129
120 135
120 136
120 150
120 125
120 154
120 139
121 124
121 125
122 155
123 124
124 127
124 125
124 128
127 128
127 129
127 130
127 131
127 132
127 133
127 134
127 135
127 136
127 137
127 138
127 139
128 130
128 148
128 132
128 133
128 149
128 150
128 134
128 137
128 138
128 129
128 131
128 151
128 152
128 153
128 154
128 139
129 130
129 133
129 131
129 134
129 132
129 139
130 133
130 131
130 132
131 133
131 135
131 136
132 133
132 134
132 137
132 138
132 139
133 134
134 148
134 150
134 137
134 138
134 154
137 148
137 150
137 138
137 154
138 148
138 150
138 154
140 141
140 142
140 144
140 145
141 144
141 145
142 144
142 145
143 281
143 282
143 145
144 145
146 147
148 150
149 151
149 152
149 153
151 152
151 153
152 153
156 157
156 158
156 159
156 160
156 161
156 162
156 163
157 160
157 161
157 158
157 185
157 186
157 162
157 163
157 159
157 187
157 188
157 189
158 160
158 161
158 162
159 163
160 161
162 185
162 186
164 165
164 166
164 167
164 168
164 169
164 170
164 171
164 172
164 173
165 170
165 171
165 166
165 174
165 167
165 169
165 175
165 172
165 173
165 168
165 176
166 167
166 169
166 170
166 171
166 172
166 173
166 168
167 177
167 169
167 170
167 171
167 178
167 179
167 172
167 180
167 181
167 182
167 183
167 176
167 184
168 171
168 172
168 173
168 174
168 176
169 177
169 178
169 179
169 182
169 184
169 170
169 171
169 172
169 180
169 176
170 177
170 178
170 179
170 182
170 184
170 172
170 171
170 180
170 176
170 200
170 201
171 172
171 173
172 173
173 174
173 176
173 251
173 248
173 252
173 247
174 176
174 175
175 176
175 218
175 219
175 220
176 178
176 179
176 182
176 184
176 180
176 202
176 181
176 183
176 265
176 218
176 219
176 220
177 178
177 179
177 180
178 179
178 180
178 182
178 184
179 180
179 182
179 183
179 184
180 182
180 184
181 184
181 202
181 207
181 205
181 208
181 209
182 184
182 183
183 184
185 186
187 188
187 189
188 189
190 191
190 192
191 192
194 195
194 196
195 196
198 199
200 201
202 205
203 204
205 207
205 208
206 256
207 208
210 211
210 212
210 213
210 214
210 215
212 215
213 215
216 217
218 219
223 224
225 250
225 227
226 227
226 232
226 234
227 232
227 234
229 232
229 233
229 231
230 232
230 233
231 232
231 233
232 233
235 239
235 240
235 237
235 244
235 241
235 246
235 243
235 242
235 236
235 245
235 247
236 240
236 237
236 238
237 239
237 240
237 244
237 242
237 245
237 241
237 243
237 246
237 247
238 254
239 240
239 241
239 242
239 243
239 244
239 245
240 244
240 242
240 245
240 241
240 246
240 243
241 244
241 242
241 245
241 246
241 243
242 244
242 245
243 246
243 247
243 248
243 249
244 245
244 246
247 248
257 262
257 258
258 261
259 260
263 264
265 266
267 268
270 271
270 272
270 273
271 274
271 275
271 273
271 276
271 272
272 274
272 275
272 273
272 276
274 275
274 276
275 276
277 278
277 279
277 280
281 282
283 284
285 286
285 287
286 287
290 291
290 292
291 292
294 295
294 296
294 297
295 297
295 296
296 297
296 298
296 299
296 300
298 299
