301 2448
0 1
0 2
0 3
0 4
0 5
0 6
0 7
0 8
0 9
1 0
1 2
1 3
1 4
1 5
1 6
1 7
1 8
1 9
1 10
1 11
1 12
1 13
1 14
1 15
1 16
1 17
2 0
2 1
2 3
2 4
2 5
2 6
2 7
2 8
2 9
2 10
2 11
2 12
2 13
2 14
2 15
2 16
2 17
2 18
2 19
2 20
2 21
2 25
2 26
2 27
2 28
2 29
2 30
2 31
2 32
2 34
2 41
2 44
2 112
2 176
2 190
2 191
2 192
2 193
2 221
2 222
3 0
3 1
3 2
3 4
3 6
3 7
3 8
3 9
3 10
3 14
3 15
3 16
3 185
3 186
3 288
4 0
4 1
4 2
4 3
4 6
4 7
4 8
4 9
4 290
4 291
4 292
4 293
5 0
5 1
5 2
5 6
5 7
5 8
5 9
6 0
6 1
6 2
6 3
6 4
6 5
6 7
6 8
6 9
6 10
6 14
6 15
6 16
6 156
6 157
6 158
6 160
6 161
6 162
6 185
6 186
6 288
7 0
7 1
7 2
7 3
7 4
7 5
7 6
7 8
7 9
7 10
7 11
7 12
7 13
7 14
7 15
7 16
7 17
7 27
7 83
7 86
7 87
7 156
7 157
7 185
7 290
7 291
7 292
7 293
8 0
8 1
8 2
8 3
8 4
8 5
8 6
8 7
8 9
8 10
8 11
8 12
8 14
8 15
8 16
8 17
8 156
8 157
8 159
8 163
8 185
8 186
8 288
8 293
9 0
9 1
9 2
9 3
9 4
9 5
9 6
9 7
9 8
9 10
9 14
9 15
9 185
9 288
10 1
10 2
10 3
10 6
10 7
10 8
10 9
11 1
11 2
11 7
11 8
11 12
11 18
11 19
11 20
11 21
11 22
11 23
11 25
11 26
11 27
11 28
11 29
11 30
11 31
11 32
11 34
11 35
11 190
11 191
11 192
11 221
12 1
12 2
12 7
12 8
12 11
12 18
12 19
12 20
12 21
12 22
12 23
12 24
12 25
12 26
12 27
12 28
12 29
12 30
12 31
12 32
12 33
12 34
12 35
12 36
13 1
13 2
13 7
13 14
13 15
13 16
14 1
14 2
14 3
14 6
14 7
14 8
14 9
14 13
14 15
14 16
14 17
14 112
14 167
14 176
14 222
15 1
15 2
15 3
15 6
15 7
15 8
15 9
15 13
15 14
15 16
15 17
15 112
15 176
15 222
16 1
16 2
16 3
16 6
16 7
16 8
16 13
16 14
16 15
16 17
16 112
16 176
16 222
17 1
17 2
17 7
17 8
17 14
17 15
17 16
17 22
17 23
17 71
17 112
17 165
17 167
17 173
17 174
17 175
17 176
17 181
17 182
17 184
17 202
17 222
17 265
17 266
18 2
18 11
18 12
18 19
18 20
18 21
18 23
18 24
18 27
18 28
18 33
18 34
18 289
19 2
19 11
19 12
19 18
19 20
19 21
19 23
19 24
19 27
19 28
19 29
19 33
19 34
19 289
20 2
20 11
20 12
20 18
20 19
20 21
20 24
20 26
20 27
20 28
20 31
20 35
21 2
21 11
21 12
21 18
21 19
21 20
21 23
21 24
21 28
21 33
21 74
21 75
22 11
22 12
22 17
22 23
22 36
22 101
22 103
22 104
22 106
22 107
22 112
22 165
22 167
22 175
22 176
22 181
22 182
22 184
22 202
22 205
22 207
22 208
22 209
22 230
22 232
22 233
22 253
23 11
23 12
23 17
23 18
23 19
23 21
23 22
23 28
23 33
23 74
23 91
23 101
23 103
23 117
23 176
24 12
24 18
24 19
24 20
24 21
24 28
24 33
25 2
25 11
25 12
25 27
25 29
25 30
25 34
25 190
25 191
25 192
26 2
26 11
26 12
26 20
26 221
27 2
27 7
27 11
27 12
27 18
27 19
27 20
27 25
27 28
27 29
27 30
27 32
27 34
27 37
27 38
27 41
27 44
27 82
27 83
27 86
27 87
27 88
27 190
27 191
27 192
27 193
27 290
27 291
27 292
28 2
28 11
28 12
28 18
28 19
28 20
28 21
28 23
28 24
28 27
28 29
28 33
28 34
28 74
28 75
28 91
28 120
29 2
29 11
29 12
29 19
29 25
29 27
29 28
29 30
29 32
29 34
29 37
29 38
29 39
29 41
29 42
29 43
29 44
29 45
29 46
29 47
29 48
29 49
29 52
29 53
29 59
29 60
29 61
29 62
29 63
29 64
29 65
29 67
29 68
29 69
29 70
29 71
29 72
29 190
29 191
29 192
29 223
29 224
29 257
29 258
29 259
29 260
29 261
29 262
30 2
30 11
30 12
30 25
30 27
30 29
30 32
30 34
30 37
30 41
30 44
30 45
30 59
30 60
30 61
30 190
30 191
30 192
31 2
31 11
31 12
31 20
32 2
32 11
32 12
32 27
32 29
32 30
32 34
32 190
32 191
32 192
32 193
33 12
33 18
33 19
33 21
33 23
33 24
33 28
34 2
34 11
34 12
34 18
34 19
34 25
34 27
34 28
34 29
34 30
34 32
34 37
34 38
34 41
34 44
34 45
34 190
34 191
34 192
35 11
35 12
35 20
36 12
36 22
37 27
37 29
37 30
37 34
37 38
37 39
37 40
37 41
37 42
37 43
37 44
37 45
37 46
37 47
37 48
38 27
38 29
38 34
38 37
38 39
38 40
38 41
38 42
38 43
38 44
38 45
38 46
38 47
38 52
38 53
38 56
38 57
38 63
38 72
38 216
38 223
38 224
39 29
39 37
39 38
39 40
39 41
39 42
39 43
39 44
39 45
39 46
39 47
39 52
39 53
39 63
39 216
39 217
40 37
40 38
40 39
40 42
40 43
41 2
41 27
41 29
41 30
41 34
41 37
41 38
41 39
41 42
41 43
41 44
41 45
41 46
41 47
41 48
41 49
41 50
41 52
41 53
41 59
41 63
41 67
41 70
41 72
41 191
41 223
41 224
42 29
42 37
42 38
42 39
42 40
42 41
42 43
42 44
42 46
42 47
42 51
42 52
42 53
42 56
42 57
42 78
43 29
43 37
43 38
43 39
43 40
43 41
43 42
43 44
43 46
43 47
43 51
43 52
43 53
43 56
43 57
43 78
44 2
44 27
44 29
44 30
44 34
44 37
44 38
44 39
44 41
44 42
44 43
44 45
44 48
44 49
44 50
44 59
44 63
44 190
44 191
44 192
44 223
44 224
45 29
45 30
45 34
45 37
45 38
45 39
45 41
45 44
45 48
45 49
45 50
45 59
45 63
45 223
45 224
46 29
46 37
46 38
46 39
46 41
46 42
46 43
46 47
46 51
46 52
46 53
46 56
47 29
47 37
47 38
47 39
47 41
47 42
47 43
47 46
47 51
47 52
47 53
47 55
47 56
47 57
47 78
48 29
48 37
48 41
48 44
48 45
48 49
48 50
49 29
49 41
49 44
49 45
49 48
49 50
50 41
50 44
50 45
50 48
50 49
51 42
51 43
51 46
51 47
51 52
51 53
51 54
51 55
51 56
51 57
51 58
52 29
52 38
52 39
52 41
52 42
52 43
52 46
52 47
52 51
52 53
52 54
52 55
52 56
52 57
52 58
52 78
52 79
52 80
52 140
52 141
52 145
52 269
53 29
53 38
53 39
53 41
53 42
53 43
53 46
53 47
53 51
53 52
53 54
53 55
53 56
53 57
53 58
53 78
53 79
53 80
53 145
54 51
54 52
54 53
54 56
55 47
55 51
55 52
55 53
55 56
55 57
55 58
55 78
55 140
55 141
55 142
55 143
55 144
55 145
56 38
56 42
56 43
56 46
56 47
56 51
56 52
56 53
56 54
56 55
56 57
56 58
56 78
56 79
56 80
56 269
57 38
57 42
57 43
57 47
57 51
57 52
57 53
57 55
57 56
57 78
57 79
57 80
57 269
58 51
58 52
58 53
58 55
58 56
58 140
58 141
58 142
58 143
58 144
58 145
59 29
59 30
59 41
59 44
59 45
59 60
59 61
60 29
60 30
60 59
60 61
61 29
61 30
61 59
61 60
62 29
62 63
62 64
63 29
63 38
63 39
63 41
63 44
63 45
63 62
63 64
63 65
63 67
63 68
63 69
63 70
63 71
63 72
63 257
63 258
63 259
63 260
63 261
63 262
64 29
64 62
64 63
64 72
64 257
64 258
64 261
64 262
65 29
65 63
65 66
65 67
65 68
65 69
65 70
65 71
65 72
65 73
66 65
66 67
66 68
66 69
66 70
66 71
67 29
67 41
67 63
67 65
67 66
67 68
67 69
67 70
67 71
67 72
67 73
67 259
67 260
68 29
68 63
68 65
68 66
68 67
68 69
68 70
68 71
68 72
68 196
69 29
69 63
69 65
69 66
69 67
69 68
69 70
69 71
70 29
70 41
70 63
70 65
70 66
70 67
70 68
70 69
70 71
70 72
70 73
70 259
70 260
71 17
71 29
71 63
71 65
71 66
71 67
71 68
71 69
71 70
71 165
71 168
71 172
71 173
71 174
71 176
71 196
72 29
72 38
72 41
72 63
72 64
72 65
72 67
72 68
72 70
72 259
72 260
73 65
73 67
73 70
74 21
74 23
74 28
74 90
74 91
74 92
74 93
74 94
74 95
74 96
74 97
74 98
74 100
74 101
74 102
74 116
74 117
74 197
75 21
75 28
75 119
75 120
75 123
75 124
75 127
76 77
77 76
78 42
78 43
78 47
78 52
78 53
78 55
78 56
78 57
78 79
78 80
79 52
79 53
79 56
79 57
79 78
79 80
80 52
80 53
80 56
80 57
80 78
80 79
81 82
81 83
82 27
82 81
82 83
82 84
82 85
82 86
82 87
82 88
82 89
83 7
83 27
83 81
83 82
83 84
83 86
83 87
83 88
83 126
83 290
83 291
84 82
84 83
84 86
84 87
84 88
85 82
85 194
85 195
86 7
86 27
86 82
86 83
86 84
86 87
86 88
86 126
86 290
86 291
87 7
87 27
87 82
87 83
87 84
87 86
87 88
87 126
87 290
87 291
88 27
88 82
88 83
88 84
88 86
88 87
88 126
89 82
90 74
90 91
90 92
90 93
90 94
90 95
91 23
91 28
91 74
91 90
91 92
91 93
91 94
91 95
91 96
91 97
91 98
91 99
91 100
91 101
91 102
91 116
91 117
91 118
91 197
92 74
92 90
92 91
92 93
93 74
93 90
93 91
93 92
94 74
94 90
94 91
94 95
94 100
94 101
94 102
94 103
94 104
94 105
94 106
94 107
94 108
94 109
94 110
94 111
94 112
94 113
94 114
94 115
95 74
95 90
95 91
95 94
95 97
95 99
95 100
95 101
95 102
96 74
96 91
96 97
96 98
97 74
97 91
97 95
97 96
97 98
97 197
98 74
98 91
98 96
98 97
99 91
99 95
99 146
100 74
100 91
100 94
100 95
100 101
100 102
100 103
100 104
100 106
100 110
100 111
100 112
100 113
100 114
100 206
101 22
101 23
101 74
101 91
101 94
101 95
101 100
101 102
101 103
101 104
101 105
101 106
101 107
101 110
101 111
101 112
101 113
101 114
101 115
101 167
101 176
101 206
101 233
101 255
101 256
101 267
102 74
102 91
102 94
102 95
102 100
102 101
102 109
103 22
103 23
103 94
103 100
103 101
103 107
103 108
103 181
103 202
103 203
103 204
104 22
104 94
104 100
104 101
104 105
104 106
104 113
104 114
104 115
104 226
104 227
104 229
104 230
104 231
104 232
104 233
105 94
105 101
105 104
105 106
105 110
105 113
105 114
105 115
105 225
105 227
105 232
106 22
106 94
106 100
106 101
106 104
106 105
106 110
106 113
106 114
106 115
106 225
106 226
106 227
106 229
106 230
106 231
106 232
106 233
106 234
107 22
107 94
107 101
107 103
107 108
108 94
108 103
108 107
109 94
109 102
110 94
110 100
110 101
110 105
110 106
110 113
110 114
110 115
110 225
110 226
110 227
110 235
110 236
110 237
110 238
111 94
111 100
111 101
112 2
112 14
112 15
112 16
112 17
112 22
112 94
112 100
112 101
112 113
112 114
112 167
112 176
112 182
112 228
112 255
113 94
113 100
113 101
113 104
113 105
113 106
113 110
113 112
113 114
113 115
113 225
113 226
113 227
113 228
113 232
113 234
114 94
114 100
114 101
114 104
114 105
114 106
114 110
114 112
114 113
114 115
114 225
114 226
114 227
114 228
115 94
115 101
115 104
115 105
115 106
115 110
115 113
115 114
115 225
115 226
115 227
115 228
116 74
116 91
116 117
116 118
117 23
117 74
117 91
117 116
117 118
118 91
118 116
118 117
119 75
119 120
119 121
119 122
119 123
119 124
119 125
120 28
120 75
120 119
120 121
120 123
120 124
120 125
120 127
120 128
120 129
120 130
120 131
120 132
120 133
120 134
120 135
120 136
120 137
120 138
120 139
120 150
120 154
121 119
121 120
121 124
121 125
122 119
122 155
123 75
123 119
123 120
123 124
124 75
124 119
124 120
124 121
124 123
124 125
124 127
124 128
125 119
125 120
125 121
125 124
126 83
126 86
126 87
126 88
127 75
127 120
127 124
127 128
127 129
127 130
127 131
127 132
127 133
127 134
127 135
127 136
127 137
127 138
127 139
128 120
128 124
128 127
128 129
128 130
128 131
128 132
128 133
128 134
128 137
128 138
128 139
128 148
128 149
128 150
128 151
128 152
128 153
128 154
129 120
129 127
129 128
129 130
129 131
129 132
129 133
129 134
129 139
130 120
130 127
130 128
130 129
130 131
130 132
130 133
131 120
131 127
131 128
131 129
131 130
131 133
131 135
131 136
132 120
132 127
132 128
132 129
132 130
132 133
132 134
132 137
132 138
132 139
133 120
133 127
133 128
133 129
133 130
133 131
133 132
133 134
134 120
134 127
134 128
134 129
134 132
134 133
134 137
134 138
134 148
134 150
134 154
135 120
135 127
135 131
136 120
136 127
136 131
137 120
137 127
137 128
137 132
137 134
137 138
137 148
137 150
137 154
138 120
138 127
138 128
138 132
138 134
138 137
138 148
138 150
138 154
139 120
139 127
139 128
139 129
139 132
140 52
140 55
140 58
140 141
140 142
140 144
140 145
141 52
141 55
141 58
141 140
141 144
141 145
142 55
142 58
142 140
142 144
142 145
143 55
143 58
143 145
143 281
143 282
144 55
144 58
144 140
144 141
144 142
144 145
145 52
145 53
145 55
145 58
145 140
145 141
145 142
145 143
145 144
146 99
146 147
147 146
148 128
148 134
148 137
148 138
148 150
149 128
149 151
149 152
149 153
150 120
150 128
150 134
150 137
150 138
150 148
151 128
151 149
151 152
151 153
152 128
152 149
152 151
152 153
153 128
153 149
153 151
153 152
154 120
154 128
154 134
154 137
154 138
155 122
156 6
156 7
156 8
156 157
156 158
156 159
156 160
156 161
156 162
156 163
157 6
157 7
157 8
157 156
157 158
157 159
157 160
157 161
157 162
157 163
157 185
157 186
157 187
157 188
157 189
158 6
158 156
158 157
158 160
158 161
158 162
159 8
159 156
159 157
159 163
160 6
160 156
160 157
160 158
160 161
161 6
161 156
161 157
161 158
161 160
162 6
162 156
162 157
162 158
162 185
162 186
163 8
163 156
163 157
163 159
164 165
164 166
164 167
164 168
164 169
164 170
164 171
164 172
164 173
165 17
165 22
165 71
165 164
165 166
165 167
165 168
165 169
165 170
165 171
165 172
165 173
165 174
165 175
165 176
166 164
166 165
166 167
166 168
166 169
166 170
166 171
166 172
166 173
167 14
167 17
167 22
167 101
167 112
167 164
167 165
167 166
167 169
167 170
167 171
167 172
167 176
167 177
167 178
167 179
167 180
167 181
167 182
167 183
167 184
168 71
168 164
168 165
168 166
168 171
168 172
168 173
168 174
168 176
169 164
169 165
169 166
169 167
169 170
169 171
169 172
169 176
169 177
169 178
169 179
169 180
169 182
169 184
170 164
170 165
170 166
170 167
170 169
170 171
170 172
170 176
170 177
170 178
170 179
170 180
170 182
170 184
170 200
170 201
171 164
171 165
171 166
171 167
171 168
171 169
171 170
171 172
171 173
172 71
172 164
172 165
172 166
172 167
172 168
172 169
172 170
172 171
172 173
173 17
173 71
173 164
173 165
173 166
173 168
173 171
173 172
173 174
173 176
173 247
173 248
173 251
173 252
174 17
174 71
174 165
174 168
174 173
174 175
174 176
175 17
175 22
175 165
175 174
175 176
175 218
175 219
175 220
176 2
176 14
176 15
176 16
176 17
176 22
176 23
176 71
176 101
176 112
176 165
176 167
176 168
176 169
176 170
176 173
176 174
176 175
176 178
176 179
176 180
176 181
176 182
176 183
176 184
176 202
176 218
176 219
176 220
176 265
177 167
177 169
177 170
177 178
177 179
177 180
178 167
178 169
178 170
178 176
178 177
178 179
178 180
178 182
178 184
179 167
179 169
179 170
179 176
179 177
179 178
179 180
179 182
179 183
179 184
180 167
180 169
180 170
180 176
180 177
180 178
180 179
180 182
180 184
181 17
181 22
181 103
181 167
181 176
181 184
181 202
181 205
181 207
181 208
181 209
182 17
182 22
182 112
182 167
182 169
182 170
182 176
182 178
182 179
182 180
182 183
182 184
183 167
183 176
183 179
183 182
183 184
184 17
184 22
184 167
184 169
184 170
184 176
184 178
184 179
184 180
184 181
184 182
184 183
185 3
185 6
185 7
185 8
185 9
185 157
185 162
185 186
186 3
186 6
186 8
186 157
186 162
186 185
187 157
187 188
187 189
188 157
188 187
188 189
189 157
189 187
189 188
190 2
190 11
190 25
190 27
190 29
190 30
190 32
190 34
190 44
190 191
190 192
191 2
191 11
191 25
191 27
191 29
191 30
191 32
191 34
191 41
191 44
191 190
191 192
192 2
192 11
192 25
192 27
192 29
192 30
192 32
192 34
192 44
192 190
192 191
193 2
193 27
193 32
194 85
194 195
194 196
195 85
195 194
195 196
196 68
196 71
196 194
196 195
197 74
197 91
197 97
198 199
199 198
200 170
200 201
201 170
201 200
202 17
202 22
202 103
202 176
202 181
202 205
203 103
203 204
204 103
204 203
205 22
205 181
205 202
205 207
205 208
206 100
206 101
206 256
207 22
207 181
207 205
207 208
208 22
208 181
208 205
208 207
209 22
209 181
210 211
210 212
210 213
210 214
210 215
211 210
212 210
212 215
213 210
213 215
214 210
215 210
215 212
215 213
216 38
216 39
216 217
217 39
217 216
218 175
218 176
218 219
219 175
219 176
219 218
220 175
220 176
221 2
221 11
221 26
222 2
222 14
222 15
222 16
222 17
223 29
223 38
223 41
223 44
223 45
223 224
224 29
224 38
224 41
224 44
224 45
224 223
225 105
225 106
225 110
225 113
225 114
225 115
225 227
225 250
226 104
226 106
226 110
226 113
226 114
226 115
226 227
226 232
226 234
227 104
227 105
227 106
227 110
227 113
227 114
227 115
227 225
227 226
227 232
227 234
228 112
228 113
228 114
228 115
229 104
229 106
229 231
229 232
229 233
230 22
230 104
230 106
230 232
230 233
231 104
231 106
231 229
231 232
231 233
232 22
232 104
232 105
232 106
232 113
232 226
232 227
232 229
232 230
232 231
232 233
233 22
233 101
233 104
233 106
233 229
233 230
233 231
233 232
234 106
234 113
234 226
234 227
235 110
235 236
235 237
235 239
235 240
235 241
235 242
235 243
235 244
235 245
235 246
235 247
236 110
236 235
236 237
236 238
236 240
237 110
237 235
237 236
237 239
237 240
237 241
237 242
237 243
237 244
237 245
237 246
237 247
238 110
238 236
238 254
239 235
239 237
239 240
239 241
239 242
239 243
239 244
239 245
240 235
240 236
240 237
240 239
240 241
240 242
240 243
240 244
240 245
240 246
241 235
241 237
241 239
241 240
241 242
241 243
241 244
241 245
241 246
242 235
242 237
242 239
242 240
242 241
242 244
242 245
243 235
243 237
243 239
243 240
243 241
243 246
243 247
243 248
243 249
244 235
244 237
244 239
244 240
244 241
244 242
244 245
244 246
245 235
245 237
245 239
245 240
245 241
245 242
245 244
246 235
246 237
246 240
246 241
246 243
246 244
247 173
247 235
247 237
247 243
247 248
248 173
248 243
248 247
249 243
250 225
251 173
252 173
253 22
254 238
255 101
255 112
256 101
256 206
257 29
257 63
257 64
257 258
257 262
258 29
258 63
258 64
258 257
258 261
259 29
259 63
259 67
259 70
259 72
259 260
260 29
260 63
260 67
260 70
260 72
260 259
261 29
261 63
261 64
261 258
262 29
262 63
262 64
262 257
263 264
264 263
265 17
265 176
265 266
266 17
266 265
267 101
267 268
268 267
269 52
269 56
269 57
270 271
270 272
270 273
271 270
271 272
271 273
271 274
271 275
271 276
272 270
272 271
272 273
272 274
272 275
272 276
273 270
273 271
273 272
274 271
274 272
274 275
274 276
275 271
275 272
275 274
275 276
276 271
276 272
276 274
276 275
277 278
277 279
277 280
278 277
279 277
280 277
281 143
281 282
282 143
282 281
283 284
284 283
285 286
285 287
286 285
286 287
287 285
287 286
288 3
288 6
288 8
288 9
289 18
289 19
290 4
290 7
290 27
290 83
290 86
290 87
290 291
290 292
291 4
291 7
291 27
291 83
291 86
291 87
291 290
291 292
292 4
292 7
292 27
292 290
292 291
293 4
293 7
293 8
294 295
294 296
294 297
295 294
295 296
295 297
296 294
296 295
296 297
296 298
296 299
296 300
297 294
297 295
297 296
298 296
298 299
299 296
299 298
300 296
