seconds	0.02702808380126953
nodes	1 2 3 4 5 6 7 8 9 11 12 13 14 18 20 22 31 33 17 30 
lsm	0.10789473684210527
----------------------------------------------------------
----------------------------------------------------------
PROCESS : 
[0]
lsm_value : 0.021052631578947368
size : 5
node:3 33 6 1 30 
----------------------------------------------------------
[1]
lsm_value : 0.03153153153153153
size : 6
node:3 33 6 1 30 9 
----------------------------------------------------------
[2]
lsm_value : 0.03571428571428571
size : 7
node:3 33 6 1 30 9 11 
----------------------------------------------------------
[3]
lsm_value : 0.039285714285714285
size : 8
node:3 33 6 1 30 9 11 5 
----------------------------------------------------------
[4]
lsm_value : 0.04713804713804714
size : 9
node:3 33 6 1 30 9 11 5 7 
----------------------------------------------------------
[5]
lsm_value : 0.05161290322580645
size : 10
node:3 33 6 1 30 9 11 5 7 17 
----------------------------------------------------------
[6]
lsm_value : 0.05278592375366569
size : 11
node:3 33 6 1 30 9 11 5 7 17 31 
----------------------------------------------------------
[7]
lsm_value : 0.05376344086021505
size : 12
node:3 33 6 1 30 9 11 5 7 17 31 8 
----------------------------------------------------------
[8]
lsm_value : 0.057692307692307696
size : 13
node:3 33 6 1 30 9 11 5 7 17 31 8 2 
----------------------------------------------------------
[9]
lsm_value : 0.06666666666666667
size : 14
node:3 33 6 1 30 9 11 5 7 17 31 8 2 4 
----------------------------------------------------------
[10]
lsm_value : 0.07901234567901234
size : 15
node:3 33 6 1 30 9 11 5 7 17 31 8 2 4 14 
----------------------------------------------------------
[11]
lsm_value : 0.085
size : 16
node:3 33 6 1 30 9 11 5 7 17 31 8 2 4 14 13 
----------------------------------------------------------
[12]
lsm_value : 0.09207161125319693
size : 17
node:3 33 6 1 30 9 11 5 7 17 31 8 2 4 14 13 22 
----------------------------------------------------------
[13]
lsm_value : 0.10052910052910052
size : 18
node:3 33 6 1 30 9 11 5 7 17 31 8 2 4 14 13 22 18 
----------------------------------------------------------
[14]
lsm_value : 0.10526315789473684
size : 19
node:3 33 6 1 30 9 11 5 7 17 31 8 2 4 14 13 22 18 20 
----------------------------------------------------------
[15]
lsm_value : 0.10789473684210527
size : 20
node:3 33 6 1 30 9 11 5 7 17 31 8 2 4 14 13 22 18 20 12 
----------------------------------------------------------
