seconds	0.027032136917114258
nodes	1 2 3 4 5 6 7 8 9 11 12 13 14 18 20 22 31 33 17 30 
lsm	0.10789473684210527
----------------------------------------------------------
----------------------------------------------------------
PROCESS : 
[0]
lsm_value : 0.021052631578947368
size : 5
node:30 3 1 6 33 
----------------------------------------------------------
[1]
lsm_value : 0.03153153153153153
size : 6
node:30 3 1 6 33 9 
----------------------------------------------------------
[2]
lsm_value : 0.03571428571428571
size : 7
node:30 3 1 6 33 9 11 
----------------------------------------------------------
[3]
lsm_value : 0.039285714285714285
size : 8
node:30 3 1 6 33 9 11 5 
----------------------------------------------------------
[4]
lsm_value : 0.04713804713804714
size : 9
node:30 3 1 6 33 9 11 5 7 
----------------------------------------------------------
[5]
lsm_value : 0.05161290322580645
size : 10
node:30 3 1 6 33 9 11 5 7 17 
----------------------------------------------------------
[6]
lsm_value : 0.05278592375366569
size : 11
node:30 3 1 6 33 9 11 5 7 17 8 
----------------------------------------------------------
[7]
lsm_value : 0.0564516129032258
size : 12
node:30 3 1 6 33 9 11 5 7 17 8 4 
----------------------------------------------------------
[8]
lsm_value : 0.06153846153846154
size : 13
node:30 3 1 6 33 9 11 5 7 17 8 4 14 
----------------------------------------------------------
[9]
lsm_value : 0.07142857142857142
size : 14
node:30 3 1 6 33 9 11 5 7 17 8 4 14 2 
----------------------------------------------------------
[10]
lsm_value : 0.07901234567901234
size : 15
node:30 3 1 6 33 9 11 5 7 17 8 4 14 2 31 
----------------------------------------------------------
[11]
lsm_value : 0.085
size : 16
node:30 3 1 6 33 9 11 5 7 17 8 4 14 2 31 13 
----------------------------------------------------------
[12]
lsm_value : 0.09207161125319693
size : 17
node:30 3 1 6 33 9 11 5 7 17 8 4 14 2 31 13 18 
----------------------------------------------------------
[13]
lsm_value : 0.10052910052910052
size : 18
node:30 3 1 6 33 9 11 5 7 17 8 4 14 2 31 13 18 22 
----------------------------------------------------------
[14]
lsm_value : 0.10526315789473684
size : 19
node:30 3 1 6 33 9 11 5 7 17 8 4 14 2 31 13 18 22 20 
----------------------------------------------------------
[15]
lsm_value : 0.10789473684210527
size : 20
node:30 3 1 6 33 9 11 5 7 17 8 4 14 2 31 13 18 22 20 12 
----------------------------------------------------------
