seconds	0.012022018432617188
nodes	1 2 3 4 5 6 7 8 9 11 12 13 14 18 20 22 31 10 17 
lsm	0.18181818181818182
----------------------------------------------------------
----------------------------------------------------------
PROCESS : 
[0]
lsm_value : 0.05357142857142857
size : 4
node:3 14 1 2 
----------------------------------------------------------
[1]
lsm_value : 0.07692307692307693
size : 5
node:3 14 1 2 4 
----------------------------------------------------------
[2]
lsm_value : 0.10606060606060605
size : 6
node:3 14 1 2 4 8 
----------------------------------------------------------
[3]
lsm_value : 0.11428571428571428
size : 7
node:3 14 1 2 4 8 18 
----------------------------------------------------------
[4]
lsm_value : 0.125
size : 8
node:3 14 1 2 4 8 18 13 
----------------------------------------------------------
[5]
lsm_value : 0.1388888888888889
size : 9
node:3 14 1 2 4 8 18 13 22 
----------------------------------------------------------
[6]
lsm_value : 0.14666666666666667
size : 10
node:3 14 1 2 4 8 18 13 22 20 
----------------------------------------------------------
[7]
lsm_value : 0.14935064935064934
size : 11
node:3 14 1 2 4 8 18 13 22 20 12 
----------------------------------------------------------
[8]
lsm_value : 0.14285714285714285
size : 12
node:3 14 1 2 4 8 18 13 22 20 12 10 
----------------------------------------------------------
[9]
lsm_value : 0.13333333333333333
size : 13
node:3 14 1 2 4 8 18 13 22 20 12 10 9 
----------------------------------------------------------
[10]
lsm_value : 0.13333333333333333
size : 14
node:3 14 1 2 4 8 18 13 22 20 12 10 9 31 
----------------------------------------------------------
[11]
lsm_value : 0.12083333333333333
size : 15
node:3 14 1 2 4 8 18 13 22 20 12 10 9 31 5 
----------------------------------------------------------
[12]
lsm_value : 0.12916666666666668
size : 16
node:3 14 1 2 4 8 18 13 22 20 12 10 9 31 5 11 
----------------------------------------------------------
[13]
lsm_value : 0.12941176470588237
size : 17
node:3 14 1 2 4 8 18 13 22 20 12 10 9 31 5 11 7 
----------------------------------------------------------
[14]
lsm_value : 0.15384615384615383
size : 18
node:3 14 1 2 4 8 18 13 22 20 12 10 9 31 5 11 7 6 
----------------------------------------------------------
[15]
lsm_value : 0.18181818181818182
size : 19
node:3 14 1 2 4 8 18 13 22 20 12 10 9 31 5 11 7 6 17 
----------------------------------------------------------
[16]
lsm_value : 0.1625
size : 20
node:3 14 1 2 4 8 18 13 22 20 12 10 9 31 5 11 7 6 17 29 
----------------------------------------------------------
