seconds	0.013911008834838867
nodes	1 2 3 4 5 6 7 8 9 11 12 13 14 18 20 31 10 17 34 16 
lsm	0.10500000000000001
----------------------------------------------------------
----------------------------------------------------------
PROCESS : 
[0]
lsm_value : 0.023809523809523808
size : 7
node:16 9 10 6 17 34 1 
----------------------------------------------------------
[1]
lsm_value : 0.03308823529411765
size : 8
node:16 9 10 6 17 34 1 7 
----------------------------------------------------------
[2]
lsm_value : 0.037037037037037035
size : 9
node:16 9 10 6 17 34 1 7 11 
----------------------------------------------------------
[3]
lsm_value : 0.04666666666666667
size : 10
node:16 9 10 6 17 34 1 7 11 5 
----------------------------------------------------------
[4]
lsm_value : 0.050156739811912224
size : 11
node:16 9 10 6 17 34 1 7 11 5 20 
----------------------------------------------------------
[5]
lsm_value : 0.05172413793103448
size : 12
node:16 9 10 6 17 34 1 7 11 5 20 31 
----------------------------------------------------------
[6]
lsm_value : 0.0521978021978022
size : 13
node:16 9 10 6 17 34 1 7 11 5 20 31 12 
----------------------------------------------------------
[7]
lsm_value : 0.05172413793103448
size : 14
node:16 9 10 6 17 34 1 7 11 5 20 31 12 14 
----------------------------------------------------------
[8]
lsm_value : 0.05555555555555556
size : 15
node:16 9 10 6 17 34 1 7 11 5 20 31 12 14 2 
----------------------------------------------------------
[9]
lsm_value : 0.0625
size : 16
node:16 9 10 6 17 34 1 7 11 5 20 31 12 14 2 3 
----------------------------------------------------------
[10]
lsm_value : 0.07142857142857142
size : 17
node:16 9 10 6 17 34 1 7 11 5 20 31 12 14 2 3 4 
----------------------------------------------------------
[11]
lsm_value : 0.08796296296296295
size : 18
node:16 9 10 6 17 34 1 7 11 5 20 31 12 14 2 3 4 8 
----------------------------------------------------------
[12]
lsm_value : 0.0956937799043062
size : 19
node:16 9 10 6 17 34 1 7 11 5 20 31 12 14 2 3 4 8 18 
----------------------------------------------------------
[13]
lsm_value : 0.10500000000000001
size : 20
node:16 9 10 6 17 34 1 7 11 5 20 31 12 14 2 3 4 8 18 13 
----------------------------------------------------------
