seconds	0.019011259078979492
nodes	3 9 32 31 28 29 33 10 34 15 16 19 21 23 24 26 30 25 27 
lsm	0.21052631578947367
----------------------------------------------------------
----------------------------------------------------------
PROCESS : 
[0]
lsm_value : 0.027777777777777776
size : 4
node:9 24 32 34 
----------------------------------------------------------
[1]
lsm_value : 0.04516129032258065
size : 5
node:9 24 32 34 33 
----------------------------------------------------------
[2]
lsm_value : 0.05747126436781609
size : 6
node:9 24 32 34 33 30 
----------------------------------------------------------
[3]
lsm_value : 0.06878306878306878
size : 7
node:9 24 32 34 33 30 31 
----------------------------------------------------------
[4]
lsm_value : 0.075
size : 8
node:9 24 32 34 33 30 31 15 
----------------------------------------------------------
[5]
lsm_value : 0.08212560386473429
size : 9
node:9 24 32 34 33 30 31 15 19 
----------------------------------------------------------
[6]
lsm_value : 0.09047619047619049
size : 10
node:9 24 32 34 33 30 31 15 19 27 
----------------------------------------------------------
[7]
lsm_value : 0.10047846889952154
size : 11
node:9 24 32 34 33 30 31 15 19 27 23 
----------------------------------------------------------
[8]
lsm_value : 0.11274509803921569
size : 12
node:9 24 32 34 33 30 31 15 19 27 23 16 
----------------------------------------------------------
[9]
lsm_value : 0.12820512820512822
size : 13
node:9 24 32 34 33 30 31 15 19 27 23 16 21 
----------------------------------------------------------
[10]
lsm_value : 0.1377551020408163
size : 14
node:9 24 32 34 33 30 31 15 19 27 23 16 21 29 
----------------------------------------------------------
[11]
lsm_value : 0.14871794871794872
size : 15
node:9 24 32 34 33 30 31 15 19 27 23 16 21 29 26 
----------------------------------------------------------
[12]
lsm_value : 0.16145833333333334
size : 16
node:9 24 32 34 33 30 31 15 19 27 23 16 21 29 26 25 
----------------------------------------------------------
[13]
lsm_value : 0.19999999999999998
size : 17
node:9 24 32 34 33 30 31 15 19 27 23 16 21 29 26 25 28 
----------------------------------------------------------
[14]
lsm_value : 0.19444444444444442
size : 18
node:9 24 32 34 33 30 31 15 19 27 23 16 21 29 26 25 28 10 
----------------------------------------------------------
[15]
lsm_value : 0.21052631578947367
size : 19
node:9 24 32 34 33 30 31 15 19 27 23 16 21 29 26 25 28 10 3 
----------------------------------------------------------
[16]
lsm_value : 0.19090909090909092
size : 20
node:9 24 32 34 33 30 31 15 19 27 23 16 21 29 26 25 28 10 3 14 
----------------------------------------------------------
