seconds	0.016610145568847656
nodes	1 2 3 4 5 6 7 8 9 11 12 13 14 18 20 22 31 29 10 17 
lsm	0.1625
----------------------------------------------------------
----------------------------------------------------------
PROCESS : 
[0]
lsm_value : 0.06
size : 4
node:4 1 14 3 
----------------------------------------------------------
[1]
lsm_value : 0.0782608695652174
size : 5
node:4 1 14 3 8 
----------------------------------------------------------
[2]
lsm_value : 0.10606060606060605
size : 6
node:4 1 14 3 8 2 
----------------------------------------------------------
[3]
lsm_value : 0.11428571428571428
size : 7
node:4 1 14 3 8 2 18 
----------------------------------------------------------
[4]
lsm_value : 0.125
size : 8
node:4 1 14 3 8 2 18 22 
----------------------------------------------------------
[5]
lsm_value : 0.1388888888888889
size : 9
node:4 1 14 3 8 2 18 22 13 
----------------------------------------------------------
[6]
lsm_value : 0.14666666666666667
size : 10
node:4 1 14 3 8 2 18 22 13 20 
----------------------------------------------------------
[7]
lsm_value : 0.14935064935064934
size : 11
node:4 1 14 3 8 2 18 22 13 20 12 
----------------------------------------------------------
[8]
lsm_value : 0.14285714285714285
size : 12
node:4 1 14 3 8 2 18 22 13 20 12 10 
----------------------------------------------------------
[9]
lsm_value : 0.13333333333333333
size : 13
node:4 1 14 3 8 2 18 22 13 20 12 10 9 
----------------------------------------------------------
[10]
lsm_value : 0.13333333333333333
size : 14
node:4 1 14 3 8 2 18 22 13 20 12 10 9 31 
----------------------------------------------------------
[11]
lsm_value : 0.12083333333333333
size : 15
node:4 1 14 3 8 2 18 22 13 20 12 10 9 31 29 
----------------------------------------------------------
[12]
lsm_value : 0.11029411764705882
size : 16
node:4 1 14 3 8 2 18 22 13 20 12 10 9 31 29 5 
----------------------------------------------------------
[13]
lsm_value : 0.11764705882352941
size : 17
node:4 1 14 3 8 2 18 22 13 20 12 10 9 31 29 5 11 
----------------------------------------------------------
[14]
lsm_value : 0.11805555555555555
size : 18
node:4 1 14 3 8 2 18 22 13 20 12 10 9 31 29 5 11 7 
----------------------------------------------------------
[15]
lsm_value : 0.13909774436090225
size : 19
node:4 1 14 3 8 2 18 22 13 20 12 10 9 31 29 5 11 7 6 
----------------------------------------------------------
[16]
lsm_value : 0.1625
size : 20
node:4 1 14 3 8 2 18 22 13 20 12 10 9 31 29 5 11 7 6 17 
----------------------------------------------------------
