seconds	0.05730104446411133
nodes	3 9 32 31 28 29 33 10 34 15 16 19 21 23 24 26 30 25 27 
lsm	0.21052631578947367
----------------------------------------------------------
----------------------------------------------------------
PROCESS : 
[0]
lsm_value : 0.0
size : 1
node:3 
----------------------------------------------------------
[1]
lsm_value : 0.05
size : 2
node:3 10 
----------------------------------------------------------
[2]
lsm_value : 0.06060606060606061
size : 3
node:3 10 29 
----------------------------------------------------------
[3]
lsm_value : 0.14285714285714285
size : 16
node:3 10 29 34 28 24 30 27 21 33 19 23 16 15 9 31 
----------------------------------------------------------
[4]
lsm_value : 0.14705882352941177
size : 17
node:3 10 29 34 28 24 30 27 21 33 19 23 16 15 9 31 32 
----------------------------------------------------------
[5]
lsm_value : 0.1581196581196581
size : 18
node:3 10 29 34 28 24 30 27 21 33 19 23 16 15 9 31 32 25 
----------------------------------------------------------
[6]
lsm_value : 0.21052631578947367
size : 19
node:3 10 29 34 28 24 30 27 21 33 19 23 16 15 9 31 32 25 26 
----------------------------------------------------------
[7]
lsm_value : 0.19090909090909092
size : 20
node:3 10 29 34 28 24 30 27 21 33 19 23 16 15 9 31 32 25 26 14 
----------------------------------------------------------
