seconds	0.09976315498352051
nodes	5 11 3 20 22 18 8 12 13 7 2 17 1 14 4 6 
lsm	0.20625
----------------------------------------------------------
----------------------------------------------------------
PROCESS : 
[0]
lsm_value : 0.05263157894736842
size : 3
node:4 3 2 
----------------------------------------------------------
[1]
lsm_value : 0.08823529411764706
size : 4
node:4 3 2 8 
----------------------------------------------------------
[2]
lsm_value : 0.1125
size : 5
node:4 3 2 8 14 
----------------------------------------------------------
[3]
lsm_value : 0.14935064935064934
size : 11
node:4 3 2 8 14 20 1 22 18 13 12 
----------------------------------------------------------
[4]
lsm_value : 0.17222222222222222
size : 15
node:4 3 2 8 14 20 1 22 18 13 12 5 11 7 6 
----------------------------------------------------------
[5]
lsm_value : 0.20625
size : 16
node:4 3 2 8 14 20 1 22 18 13 12 5 11 7 6 17 
----------------------------------------------------------
[6]
lsm_value : 0.18716577540106952
size : 17
node:4 3 2 8 14 20 1 22 18 13 12 5 11 7 6 17 9 
----------------------------------------------------------
[7]
lsm_value : 0.16666666666666666
size : 18
node:4 3 2 8 14 20 1 22 18 13 12 5 11 7 6 17 9 29 
----------------------------------------------------------
[8]
lsm_value : 0.16228070175438597
size : 19
node:4 3 2 8 14 20 1 22 18 13 12 5 11 7 6 17 9 29 10 
----------------------------------------------------------
[9]
lsm_value : 0.1625
size : 20
node:4 3 2 8 14 20 1 22 18 13 12 5 11 7 6 17 9 29 10 31 
----------------------------------------------------------
